0,1444323370000
1,1444836255000
2,1445891544000
3,1445891544000
4,1445891544000
5,1445891544000
6,1447003407000
7,1447116074000
8,1447582637000
9,1447596851000
10,1447596851000
11,1447596851000
12,1447596851000
13,1447596851000
14,1447596851000
15,1447596851000
16,1447596851000
17,1447596851000
18,1447596851000
19,1447596851000
20,1447596851000
21,1447596851000
22,1447596851000
23,1447596851000
24,1447596851000
25,1447596851000
26,1447596851000
27,1447596851000
28,1447596851000
29,1447596851000
30,1447596851000
31,1447596851000
32,1447596851000
33,1447596851000
34,1447596851000
35,1447596851000
36,1447596851000
37,1447596851000
38,1447596851000
39,1447596851000
40,1447596851000
41,1447596851000
42,1447596851000
43,1447596851000
44,1447596851000
45,1447596851000
46,1447596851000
47,1447596851000
48,1447596851000
49,1447596851000
50,1447596851000
51,1447596851000
52,1447596851000
53,1447596851000
54,1447596851000
55,1447596851000
56,1447596851000
57,1447596851000
58,1447596851000
59,1447596851000
60,1447596851000
61,1447596851000
62,1447596851000
63,1447596851000
64,1447596851000
65,1447596851000
66,1447596851000
67,1447596851000
68,1447596851000
69,1447596851000
70,1447596851000
71,1447596851000
72,1447596851000
73,1447596851000
74,1447596851000
75,1447596851000
76,1447596851000
77,1447596851000
78,1447596851000
79,1447596851000
80,1447596851000
81,1447596851000
82,1447596851000
83,1447596851000
84,1447596851000
85,1447596851000
86,1447596851000
87,1447596851000
88,1447596851000
89,1447596851000
90,1447596851000
91,1447596851000
92,1447596851000
93,1447596851000
94,1447596851000
95,1447596851000
96,1447596851000
97,1447596851000
98,1447596851000
99,1447596851000
100,1447596851000
101,1447596851000
102,1447596851000
103,1447596851000
104,1447596851000
105,1447596851000
106,1447596851000
107,1447596851000
108,1447596851000
109,1447596851000
110,1447596851000
111,1447596851000
112,1447596851000
113,1447596851000
114,1447596851000
115,1447596851000
116,1447596851000
117,1447596851000
118,1447596851000
119,1447596851000
120,1447596851000
121,1447596851000
122,1447596851000
123,1447596851000
124,1447596851000
125,1447596851000
126,1447596851000
127,1447596851000
128,1447596851000
129,1447596851000
130,1447596851000
131,1447596851000
132,1447596851000
133,1447596851000
134,1447596851000
135,1447596851000
136,1447596851000
137,1447596851000
138,1447596851000
139,1447596851000
140,1447596851000
141,1447596851000
142,1447596851000
143,1447596851000
144,1447596851000
145,1447596851000
146,1447596851000
147,1447596851000
148,1447596851000
149,1447596851000
150,1447596851000
151,1447596851000
152,1447596851000
153,1447596851000
154,1447596851000
155,1447596851000
156,1447596851000
157,1447596851000
158,1447596851000
159,1447596851000
160,1447596851000
161,1447596851000
162,1447596851000
163,1447596851000
164,1447596851000
165,1447596851000
166,1447596851000
167,1447596851000
168,1447596851000
169,1447596851000
170,1447596851000
171,1447596851000
172,1447596851000
173,1447596851000
174,1447596851000
175,1447596851000
176,1447596851000
177,1447596851000
178,1447596851000
179,1447596851000
180,1447596851000
181,1447596851000
182,1447596851000
183,1447596851000
184,1447596851000
185,1447596851000
186,1447596851000
187,1447596851000
188,1447596851000
189,1447596851000
190,1447596851000
191,1447596851000
192,1447596851000
193,1447596851000
194,1447596851000
195,1447596851000
196,1447596851000
197,1447596851000
198,1447596851000
199,1447596851000
200,1447596851000
201,1447596851000
202,1447596851000
203,1447596851000
204,1447596851000
205,1447596851000
206,1447596851000
207,1447596851000
208,1447596851000
209,1447596851000
210,1447596851000
211,1447596851000
212,1447596851000
213,1447596851000
214,1447596851000
215,1447596851000
216,1447596851000
217,1447596851000
218,1447596851000
219,1447596851000
220,1447596851000
221,1447596851000
222,1447596851000
223,1447596851000
224,1447596851000
225,1447596851000
226,1447596851000
227,1447596851000
228,1447596851000
229,1447596851000
230,1447596851000
231,1447596851000
232,1447596851000
233,1447596851000
234,1447596851000
235,1447596851000
236,1447596851000
237,1447596851000
238,1447596851000
239,1447596851000
240,1447596851000
241,1447596851000
242,1447596851000
243,1447596851000
244,1447596851000
245,1447596851000
246,1447596851000
247,1447596851000
248,1447596851000
249,1447596851000
250,1447596851000
251,1447596851000
252,1447596851000
253,1447596851000
254,1447596851000
255,1447596851000
256,1447596851000
257,1447596851000
258,1447596851000
259,1447596851000
260,1447596851000
261,1447596851000
262,1447596851000
263,1447596851000
264,1447596851000
265,1447596851000
266,1447596851000
267,1447596851000
268,1447596851000
269,1447596851000
270,1447596851000
271,1447596851000
272,1447596851000
273,1447596851000
274,1447596851000
275,1447596851000
276,1447596851000
277,1447596851000
278,1447596851000
279,1447596851000
280,1447596851000
281,1447596851000
282,1447596851000
283,1447596851000
284,1447596851000
285,1447596851000
286,1447596851000
287,1447596851000
288,1447596851000
289,1447596851000
290,1447596851000
291,1447596851000
292,1447596851000
293,1447596851000
294,1447596851000
295,1447596851000
296,1447596851000
297,1447596851000
298,1447596851000
299,1447596851000
300,1447596851000
301,1447596851000
302,1447596851000
303,1447596851000
304,1447596851000
305,1447596851000
306,1447596851000
307,1447596851000
308,1447596851000
309,1447596851000
310,1447596851000
311,1447596851000
312,1447596851000
313,1447596851000
314,1447596851000
315,1447596851000
316,1447596851000
317,1447596851000
318,1447596851000
319,1447596851000
320,1447596851000
321,1447596851000
322,1447596851000
323,1447596851000
324,1447596851000
325,1447596851000
326,1447596851000
327,1447596851000
328,1447596851000
329,1447596851000
330,1447596851000
331,1447596851000
332,1447596851000
333,1447596851000
334,1447596851000
335,1447596851000
336,1447596851000
337,1447596851000
338,1447596851000
339,1447596851000
340,1447596851000
341,1447596851000
342,1447596851000
343,1447596851000
344,1447596851000
345,1447596851000
346,1447596851000
347,1447596851000
348,1447596851000
349,1447596851000
350,1447596851000
351,1447596851000
352,1447596851000
353,1447596851000
354,1447596851000
355,1447596851000
356,1447596851000
357,1447596851000
358,1447596851000
359,1447596851000
360,1447596851000
361,1447596851000
362,1447596851000
363,1447596851000
364,1447596851000
365,1447596851000
366,1447596851000
367,1447596851000
368,1447596851000
369,1447596851000
370,1447596851000
371,1447596851000
372,1447596851000
373,1447596851000
374,1447596851000
375,1447596851000
376,1447596851000
377,1447596851000
378,1447596851000
379,1447596851000
380,1447596851000
381,1447596851000
382,1447596851000
383,1447596851000
384,1447664494000
385,1447809196000
386,1448488912000
387,1448663526000
388,1448663576000
389,1448663632000
390,1448663632000
391,1448663632000
392,1448663632000
393,1448663632000
394,1448663632000
395,1448663632000
396,1448663632000
397,1448663632000
398,1448663632000
399,1448663632000
400,1448663632000
401,1448663632000
402,1448663632000
403,1448663632000
404,1448663632000
405,1448663632000
406,1448663632000
407,1448663632000
408,1448663632000
409,1448663632000
410,1448663632000
411,1448663632000
412,1448663632000
413,1448663632000
414,1448663632000
415,1448663632000
416,1448663632000
417,1448663632000
418,1448663632000
419,1448663632000
420,1448663632000
421,1448663632000
422,1448663632000
423,1448663632000
424,1448663632000
425,1448663632000
426,1448663632000
427,1448663632000
428,1448663632000
429,1448663632000
430,1448663632000
431,1448663632000
432,1448663632000
433,1448663632000
434,1448663632000
435,1448663632000
436,1448663632000
437,1448663632000
438,1448663632000
439,1448663632000
440,1448663632000
441,1448663632000
442,1448663632000
443,1448663632000
444,1448663632000
445,1448663632000
446,1448663632000
447,1448663632000
448,1448663632000
449,1448663632000
450,1448663632000
451,1448663632000
452,1448663632000
453,1448663632000
454,1448663632000
455,1448663632000
456,1448663632000
457,1448663632000
458,1448663632000
459,1448663632000
460,1448663632000
461,1448663632000
462,1448663632000
463,1448663632000
464,1448663632000
465,1448663632000
466,1448663632000
467,1448663632000
468,1448663632000
469,1448663632000
470,1448663632000
471,1448663632000
472,1448663632000
473,1448663632000
474,1448663632000
475,1448663632000
476,1448663632000
477,1448663632000
478,1448663632000
479,1448663632000
480,1448663632000
481,1448663632000
482,1448663632000
483,1448663632000
484,1448663632000
485,1448663632000
486,1448663632000
487,1448663632000
488,1448663632000
489,1448663632000
490,1448663632000
491,1448663632000
492,1448663632000
493,1448663632000
494,1448663632000
495,1448663632000
496,1448663632000
497,1448663632000
498,1448663632000
499,1448663632000
500,1448663632000
501,1448663632000
502,1448663632000
503,1448663632000
504,1448663632000
505,1448663632000
506,1448663632000
507,1448663632000
508,1448663632000
509,1448663632000
510,1448663632000
511,1448663632000
512,1448663632000
513,1448663632000
514,1448663632000
515,1448663632000
516,1448663632000
517,1448663632000
518,1448663632000
519,1448663632000
520,1448663632000
521,1448663632000
522,1448663632000
523,1448663632000
524,1448663632000
525,1448663632000
526,1448663632000
527,1448663632000
528,1448663632000
529,1448663632000
530,1448663632000
531,1448663632000
532,1448663632000
533,1448663632000
534,1448663632000
535,1448663632000
536,1448663632000
537,1448663632000
538,1448663632000
539,1448663632000
540,1448663632000
541,1448663632000
542,1448663632000
543,1448663632000
544,1448663632000
545,1448663632000
546,1448663632000
547,1448663632000
548,1448663632000
549,1448663632000
550,1448663632000
551,1448663632000
552,1448663632000
553,1448663632000
554,1448663632000
555,1448663632000
556,1448663632000
557,1448663632000
558,1448663632000
559,1448663632000
560,1448663632000
561,1448663632000
562,1448663632000
563,1448663632000
564,1448663632000
565,1448663632000
566,1448663632000
567,1448663632000
568,1448663632000
569,1448663632000
570,1448663632000
571,1448663632000
572,1448663632000
573,1448663632000
574,1448663632000
575,1448663632000
576,1448663632000
577,1448663632000
578,1448663632000
579,1448663632000
580,1448663632000
581,1448663632000
582,1448663632000
583,1448663632000
584,1448663632000
585,1448663632000
586,1448663632000
587,1448663632000
588,1448663632000
589,1448663632000
590,1448663632000
591,1448663632000
592,1448663632000
593,1448663632000
594,1448663632000
595,1448663632000
596,1448663632000
597,1448663632000
598,1448663632000
599,1448663632000
600,1448663632000
601,1448663632000
602,1448663632000
603,1448663632000
604,1448663632000
605,1448663632000
606,1448663632000
607,1448806374000
608,1450401379000
609,1452709768000
610,1452879969000
611,1453306569000
612,1455358171000
613,1455534237000
614,1456944139000
615,1457233330000
616,1458100399000
617,1459717170000